# oST version 5.0 parameters


[image]

width
1024

height
768

[narrow_stereo]

camera matrix
1042.000731 0.000000 510.958379
0.000000 1038.155002 383.706073
0.000000 0.000000 1.000000

distortion
0.122304 -0.332560 -0.000412 0.000392 0.000000

rectification
1.000000 0.000000 0.000000
0.000000 1.000000 0.000000
0.000000 0.000000 1.000000

projection
1051.730469 0.000000 510.736264 0.000000
0.000000 1048.628662 383.008797 0.000000
0.000000 0.000000 1.000000 0.000000

